170204|2|4|D9-101
170204|2|5|D9-101
170204|2|6|D9-101
170203|4|4|D9-101
170203|4|5|D9-101
170203|4|6|D9-101
169313|2|3|D5-404
169313|2|4|D5-404
169293|3|4|D9-201
169293|3|5|D9-201
169293|3|6|D9-201
169295|4|3|D9-104
169295|4|4|D9-104
169318|5|3|D9-507
169318|5|4|D9-507
169318|5|5|D9-507
169318|5|6|D9-507
758421|5|7|NTD
169303|6|4|D8-102
169303|6|5|D8-102
169303|6|6|D8-102
169315|6|4|D8-403
169315|6|5|D8-403
169315|6|6|D8-403
757715|6|7|SVD
763965|7|1|TVTQB-922
763965|7|2|TVTQB-922
763965|7|3|TVTQB-922
763965|7|4|TVTQB-922
763965|7|5|TVTQB-922
